   24
ª0         0.000000  0.114350  0.117407  0.138650  0.122324  0.129932
  0.128949  0.131799  0.122758  0.136129  0.128466  0.122406  0.135493
  0.141685  0.138277  0.129027  0.439640  0.406249  0.592634  0.634390
  0.563957  0.122210  0.120664  0.130489
ª1         0.114350  0.000000  0.002857  0.174045  0.151418  0.167706
  0.169493  0.167805  0.160614  0.174104  0.166402  0.160146  0.178001
  0.183561  0.179928  0.170376  0.445243  0.414555  0.573320  0.629116
  0.605484  0.149404  0.156493  0.166860
ª2         0.117407  0.002857  0.000000  0.177229  0.154567  0.170877
  0.172650  0.170978  0.163773  0.177282  0.169557  0.163296  0.181202
  0.186754  0.183109  0.173548  0.449151  0.418319  0.573238  0.629017
  0.609784  0.149513  0.159684  0.170073
ª3         0.138650  0.174045  0.177229  0.000000  0.043448  0.055287
  0.055403  0.052336  0.055479  0.058333  0.049305  0.046375  0.061724
  0.061434  0.058352  0.058237  0.446043  0.413140  0.620575  0.644223
  0.619487  0.126891  0.133224  0.136854
ª4         0.122324  0.151418  0.154567  0.043448  0.000000  0.031678
  0.034576  0.022952  0.034650  0.037480  0.025826  0.022941  0.037801
  0.040541  0.037546  0.034571  0.429888  0.389844  0.579201  0.617643
  0.587427  0.105257  0.108053  0.117759
ª5         0.129932  0.167706  0.170877  0.055287  0.031678  0.000000
  0.034488  0.028693  0.046412  0.005678  0.025761  0.022884  0.049518
  0.040437  0.037450  0.034483  0.457628  0.413351  0.605530  0.637556
  0.586445  0.117801  0.117682  0.127479
ª6         0.128949  0.169493  0.172650  0.055403  0.034576  0.034488
  0.000000  0.028738  0.049356  0.034447  0.025801  0.020133  0.049598
  0.037612  0.034627  0.034537  0.436637  0.400921  0.609299  0.637293
  0.609670  0.120045  0.113677  0.123389
ª7         0.131799  0.167805  0.170978  0.052336  0.022952  0.028693
  0.028738  0.000000  0.043477  0.034470  0.020035  0.017162  0.043691
  0.028846  0.025894  0.028734  0.443558  0.404622  0.599930  0.630635
  0.600166  0.114700  0.117523  0.127326
ª8         0.122758  0.160614  0.163773  0.055479  0.034650  0.046412
  0.049356  0.043477  0.000000  0.052274  0.040479  0.037563  0.049824
  0.055443  0.052384  0.049346  0.440696  0.407916  0.612409  0.647148
  0.606314  0.117463  0.123745  0.133604
ª9         0.136129  0.174104  0.177282  0.058333  0.037480  0.005678
  0.034447  0.034470  0.052274  0.000000  0.031520  0.028636  0.055408
  0.046266  0.043260  0.040274  0.465728  0.421065  0.614663  0.642803
  0.595394  0.123971  0.123856  0.133702
ª10        0.128466  0.166402  0.169557  0.049305  0.025826  0.025761
  0.025801  0.020035  0.040479  0.031520  0.000000  0.014267  0.040677
  0.031692  0.028736  0.025797  0.451280  0.410111  0.609284  0.639253
  0.602708  0.110677  0.116891  0.126640
ª11        0.122406  0.160146  0.163296  0.046375  0.022941  0.022884
  0.020133  0.017162  0.037563  0.028636  0.014267  0.000000  0.037747
  0.025961  0.023016  0.022916  0.440988  0.400239  0.587797  0.630007
  0.591826  0.107616  0.108200  0.117917
ª12        0.135493  0.178001  0.181202  0.061724  0.037801  0.049518
  0.049598  0.043691  0.049824  0.055408  0.040677  0.037747  0.000000
  0.055715  0.052642  0.043639  0.448604  0.410618  0.601264  0.620905
  0.609915  0.115856  0.117513  0.127316
ª13        0.141685  0.183561  0.186754  0.061434  0.040541  0.040437
  0.037612  0.028846  0.055443  0.046266  0.031692  0.025961  0.055715
  0.000000  0.002853  0.040495  0.442883  0.412068  0.609515  0.632238
  0.611359  0.129832  0.130127  0.140051
ª14        0.138277  0.179928  0.183109  0.058352  0.037546  0.037450
  0.034627  0.025894  0.052384  0.043260  0.028736  0.023016  0.052642
  0.002853  0.000000  0.037504  0.442110  0.411380  0.602951  0.625056
  0.609848  0.126459  0.126740  0.136614
ª15        0.129027  0.170376  0.173548  0.058237  0.034571  0.034483
  0.034537  0.028734  0.049346  0.040274  0.025797  0.022916  0.043639
  0.040495  0.037504  0.000000  0.450427  0.414381  0.599620  0.631257
  0.605180  0.112806  0.117231  0.127006
ª16        0.439640  0.445243  0.449151  0.446043  0.429888  0.457628
  0.436637  0.443558  0.440696  0.465728  0.451280  0.440988  0.448604
  0.442883  0.442110  0.450427  0.000000  0.109763  0.417007  0.527661
  0.660337  0.469837  0.457579  0.463741
ª17        0.406249  0.414555  0.418319  0.413140  0.389844  0.413351
  0.400921  0.404622  0.407916  0.421065  0.410111  0.400239  0.410618
  0.412068  0.411380  0.414381  0.109763  0.000000  0.427982  0.531424
  0.651980  0.429361  0.415001  0.420704
ª18        0.592634  0.573320  0.573238  0.620575  0.579201  0.605530
  0.609299  0.599930  0.612409  0.614663  0.609284  0.587797  0.601264
  0.609515  0.602951  0.599620  0.417007  0.427982  0.000000  0.357067
  0.850769  0.615073  0.598119  0.609425
ª19        0.634390  0.629116  0.629017  0.644223  0.617643  0.637556
  0.637293  0.630635  0.647148  0.642803  0.639253  0.630007  0.620905
  0.632238  0.625056  0.631257  0.527661  0.531424  0.357067  0.000000
  0.844753  0.655235  0.646331  0.657394
ª20        0.563957  0.605484  0.609784  0.619487  0.587427  0.586445
  0.609670  0.600166  0.606314  0.595394  0.602708  0.591826  0.609915
  0.611359  0.609848  0.605180  0.660337  0.651980  0.850769  0.844753
  0.000000  0.610250  0.605813  0.618027
ª21        0.122210  0.149404  0.149513  0.126891  0.105257  0.117801
  0.120045  0.114700  0.117463  0.123971  0.110677  0.107616  0.115856
  0.129832  0.126459  0.112806  0.469837  0.429361  0.615073  0.655235
  0.610250  0.000000  0.098148  0.107712
ª22        0.120664  0.156493  0.159684  0.133224  0.108053  0.117682
  0.113677  0.117523  0.123745  0.123856  0.116891  0.108200  0.117513
  0.130127  0.126740  0.117231  0.457579  0.415001  0.598119  0.646331
  0.605813  0.098148  0.000000  0.014390
ª23        0.130489  0.166860  0.170073  0.136854  0.117759  0.127479
  0.123389  0.127326  0.133604  0.133702  0.126640  0.117917  0.127316
  0.140051  0.136614  0.127006  0.463741  0.420704  0.609425  0.657394
  0.618027  0.107712  0.014390  0.000000
