   24
ª0         0.000000  0.119931  0.123215  0.142930  0.126353  0.134517
  0.133328  0.136210  0.127648  0.141279  0.132732  0.126346  0.139981
  0.146919  0.143471  0.133602  0.511492  0.472060  0.751423  0.832738
  0.689914  0.125980  0.123845  0.134420
ª1         0.119931  0.000000  0.002898  0.181132  0.157936  0.175574
  0.177654  0.175219  0.168821  0.182696  0.173826  0.167152  0.185480
  0.192548  0.188865  0.178441  0.514890  0.479197  0.721942  0.823072
  0.754623  0.156474  0.162031  0.173357
ª2         0.123215  0.002898  0.000000  0.184614  0.161352  0.179054
  0.181123  0.178691  0.172282  0.186201  0.177275  0.170584  0.188991
  0.196082  0.192383  0.181923  0.520641  0.484595  0.721874  0.822971
  0.761662  0.156516  0.165473  0.176851
ª3         0.142930  0.181132  0.184614  0.000000  0.044035  0.056203
  0.056256  0.053045  0.056645  0.059295  0.049974  0.047025  0.062412
  0.062440  0.059354  0.059400  0.514629  0.476487  0.789461  0.837616
  0.761808  0.129213  0.136969  0.140935
ª4         0.126353  0.157936  0.161352  0.044035  0.000000  0.032257
  0.035260  0.023288  0.035381  0.038188  0.026158  0.023317  0.038305
  0.041320  0.038298  0.035345  0.495405  0.447129  0.719829  0.792025
  0.719989  0.107239  0.111082  0.121484
ª5         0.134517  0.175574  0.179054  0.056203  0.032257  0.000000
  0.035105  0.029071  0.047621  0.005754  0.026013  0.023214  0.050200
  0.041136  0.038128  0.035189  0.536566  0.481278  0.768233  0.830409
  0.723720  0.120503  0.121589  0.132186
ª6         0.133328  0.177654  0.181123  0.056256  0.035260  0.035105
  0.000000  0.029092  0.050690  0.035127  0.026203  0.020501  0.050356
  0.038317  0.035305  0.035297  0.509231  0.465715  0.772435  0.823770
  0.752859  0.122985  0.117152  0.127607
ª7         0.136210  0.175219  0.178691  0.053045  0.023288  0.029071
  0.029092  0.000000  0.044477  0.034943  0.020221  0.017371  0.044185
  0.029193  0.026247  0.029173  0.514022  0.465203  0.755322  0.813838
  0.739641  0.116935  0.120859  0.131406
ª8         0.127648  0.168821  0.172282  0.056645  0.035381  0.047621
  0.050690  0.044477  0.000000  0.053742  0.041410  0.038446  0.050795
  0.056908  0.053811  0.050805  0.511547  0.473095  0.773903  0.833820
  0.745581  0.120592  0.128308  0.139023
ª9         0.141279  0.182696  0.186201  0.059295  0.038188  0.005754
  0.035127  0.034943  0.053742  0.000000  0.032025  0.029091  0.056283
  0.047158  0.044129  0.041177  0.548468  0.492273  0.782556  0.838727
  0.736954  0.127136  0.128268  0.138971
ª10        0.132732  0.173826  0.177275  0.049974  0.026158  0.026013
  0.026203  0.020221  0.041410  0.032025  0.000000  0.014433  0.041139
  0.032166  0.029189  0.026045  0.524993  0.474147  0.767676  0.821959
  0.744345  0.112758  0.120285  0.130776
ª11        0.126346  0.167152  0.170584  0.047025  0.023317  0.023214
  0.020501  0.017371  0.038446  0.029091  0.014433  0.000000  0.038193
  0.026338  0.023392  0.023325  0.511647  0.461933  0.739812  0.814041
  0.728605  0.109666  0.111474  0.121898
ª12        0.139981  0.185480  0.188991  0.062412  0.038305  0.050200
  0.050356  0.044185  0.050795  0.056283  0.041139  0.038193  0.000000
  0.056533  0.053457  0.044415  0.518119  0.472331  0.758375  0.799619
  0.767314  0.117169  0.120884  0.131433
ª13        0.146919  0.192548  0.196082  0.062440  0.041320  0.041136
  0.038317  0.029193  0.056908  0.047158  0.032166  0.026338  0.056533
  0.000000  0.002880  0.041360  0.511986  0.474132  0.769062  0.813142
  0.753112  0.133057  0.134422  0.145200
ª14        0.143471  0.188865  0.192383  0.059354  0.038298  0.038128
  0.035305  0.026247  0.053811  0.044129  0.029189  0.023392  0.053457
  0.002880  0.000000  0.038336  0.511570  0.473761  0.760293  0.803383
  0.751844  0.129674  0.131011  0.141729
ª15        0.133602  0.178441  0.181923  0.059400  0.035345  0.035189
  0.035297  0.029173  0.050805  0.041177  0.026045  0.023325  0.044415
  0.041360  0.038336  0.000000  0.518712  0.477938  0.756251  0.813918
  0.751947  0.116596  0.121039  0.131594
ª16        0.511492  0.514890  0.520641  0.514629  0.495405  0.536566
  0.509231  0.514022  0.511547  0.548468  0.524993  0.511647  0.518119
  0.511986  0.511570  0.518712  0.000000  0.113805  0.494283  0.654959
  0.845544  0.553432  0.532116  0.540756
ª17        0.472060  0.479197  0.484595  0.476487  0.447129  0.481278
  0.465715  0.465203  0.473095  0.492273  0.474147  0.461933  0.472331
  0.474132  0.473761  0.477938  0.113805  0.000000  0.512792  0.663394
  0.851759  0.501464  0.479444  0.487474
ª18        0.751423  0.721942  0.721874  0.789461  0.719829  0.768233
  0.772435  0.755322  0.773903  0.782556  0.767676  0.739812  0.758375
  0.769062  0.760293  0.756251  0.494283  0.512792  0.000000  0.398497
  1.221613  0.785148  0.752640  0.769939
ª19        0.832738  0.823072  0.822971  0.837616  0.792025  0.830409
  0.823770  0.813838  0.833820  0.838727  0.821959  0.814041  0.799619
  0.813142  0.803383  0.813918  0.654959  0.663394  0.398497  0.000000
  1.195043  0.850462  0.838538  0.857251
ª20        0.689914  0.754623  0.761662  0.761808  0.719989  0.723720
  0.752859  0.739641  0.745581  0.736954  0.744345  0.728605  0.767314
  0.753112  0.751844  0.751947  0.845544  0.851759  1.221613  1.195043
  0.000000  0.760179  0.760119  0.778326
ª21        0.125980  0.156474  0.156516  0.129213  0.107239  0.120503
  0.122985  0.116935  0.120592  0.127136  0.112758  0.109666  0.117169
  0.133057  0.129674  0.116596  0.553432  0.501464  0.785148  0.850462
  0.760179  0.000000  0.100585  0.110772
ª22        0.123845  0.162031  0.165473  0.136969  0.111082  0.121589
  0.117152  0.120859  0.128308  0.128268  0.120285  0.111474  0.120884
  0.134422  0.131011  0.121039  0.532116  0.479444  0.752640  0.838538
  0.760119  0.100585  0.000000  0.014599
ª23        0.134420  0.173357  0.176851  0.140935  0.121484  0.132186
  0.127607  0.131406  0.139023  0.138971  0.130776  0.121898  0.131433
  0.145200  0.141729  0.131594  0.540756  0.487474  0.769939  0.857251
  0.778326  0.110772  0.014599  0.000000
