2230011002311101110100110114102100031210300102103203230200202
120102320200111212013002020213103131111121111210100220031112
100201022001201110011010010001100020201202100000021100011004
211010021021210121112011102211112400213110000100110131210211
130010112000021100122011012123122021000121022001201211111102
021020110121113011200000110122210311121012111151310003010103
142220211301130221122002201031200210330011003001121020103221
011030101001101100001011122011002101023002012010010210022000
0012111000321122112
1101002011212101002030110140102133001111102010021303023121121
103101101021101012320101211020102021201030102011310103212001
010120002112200000001111121234310014110122200121120121112102
021121011101211110022131100010101040012003233022310121020010
200212210200010100012011010100111010302022210102100031200022
102200111000110110022012130010531011102130102031241233010321
111113021002020100215100211210203100112111102111000101024311
300020111101102010001101020130204020011010020011000103000010
0210110221211110001
3021100411100020131110000120100001110011120131210122100022001
010100301201110112101101102001030201111011102201201422012110
000200020100121010102302002202122110112201000001000000100200
112122011031111011200031131020122102201010231010010010002211
131101112110301131022001120122220010221132040211112010201020
035410513012001231120121111302221120010011012101210000211001
310201111112410123120101111101021401012001112212114310111010
110043203003001210212010410111111211311100010000300121021111
3112010010110021110
0210141001310202011112013112210001122110100001022102131040010
321110000102001014103113040001102111111200113221201113000000
100011211011011221102000300211001003001103121132212112234113
200100111330101201004230110000320012111210011212101021210010
111410011111001101202002321200012001200020000130220012101100
112120131111022011101100100000011100212000101211000211110222
113011110110311000231310010141113011231402001310312011101111
130022140311000010100211111012400020003211221020002002111111
0201013030301111011
0312012110211000010011321210001201212200101100111210111001110
102012202221000000403002000211001102000213012001001002111103
011101000200210321111111102131120041001240221131002020203611
101111100013312020210111201212001111030021312002220121001021
010211210101200024011234130210002012110120120131012100012202
210000211020131111300220114111200011021212212001401130011320
010123222012101200202321231210001101011005411000113120111001
101100101010310211230101111001301000120200110201201112031100
0101011001011121010
1113200200101102101022201102221000131012202010010100223220103
101212020111300040101100100121022120410230120024201010011020
313120111211013010010111102211101210102330202123001310012310
000311014000310000115100002331110030000001201010121001001003
112211011011020020310113111001000321120001410001010100112013
210001120201032111021110123111002000210131203100010011211111
023010000111110010002101011022002022222010120011101310210031
400122111001012023131200102214101012010301101221213012111211
2101200200122310121
1100232010023002001322000001300223201331020110130211101012131
021022110020201202222001010100120201122110011012101020121011
101111410010013211001201130011041111312210100111120012110110
012110200032110121301101021101121011021101110202021100012130
102222010112130221101301000012020110000212300012220100201122
102110021112232100230340000211310120020102111100221212001001
001210101200112122403121010111020002021100110111110003101212
011210111011121411012311104301000002000101221022010021020021
0011101211200411112
0210112210011121111211122212010014313011033011110211130121000
112231112011330001100204130110300101100121110100112011101103
120110010212121201011111010113122030010002201121010001020121
021120222131100104001120000120211002004022101021100100220120
013110003001200023211101121220111021220200002302221100121111
200114112010202010100101122311111201111111020000103011002101
101110131010111210101001211102101011120212022000101200100130
030000204111011011021020111002101011102001113011012213110222
0111124310101203611
0002000102202302121212100011211023111013201100101020210202112
100100202101112211000011101010202102001010010103200111322100
000012002100001210032110020221302201214012020201012241020100
201012010002201002100102231101021110113232003120200212311101
123012002001221120310111112002110021110022012210002100000111
101102121211221121100100000111110133321002211021112022102412
210100021101021112251120201110002001202121100012003121121002
111122020030001211201121031210011101100023203100222013210213
0100111102121102110
0101003001201000122000100112010040302122020031113001120012320
111132101052001300101212030012321201142111020010111012200113
002101110220220330010101100011400004010200201012001320010120
001101303022321101302011011101211202110142001220010011100211
211013100020130121002020001000020100101201114121212300211001
401000111210000310031223032010013001100011100123301201210000
211010110021011110100231100210111111212002310131210010200010
001201000111010121133010001131023120031210221000232100122202
0301142110033211321
4111122101200220220000013001022021221210020012101111031204012
021111030011001100011021112021201000011010021011132001020321
102011200200010112101004141102111002022000241120101220002031
125130100211012001211010132110301222120002111012103113230101
510121112421022204012110101110001023113141102011000121111001
101000110111010330100030110012111030021321010020200101211021
000101200020010100101100001101111202120100130100204103230001
300111001111111001002260111403202201010052213011100022200001
0110122201111001202
0100121102102100031001120131012011000230132002200004101230100
131011132002010101012012411100010101020112102010013122001101
120300121320200111111501121031110121121211130013310210100011
111111011001202011032130312202110110010023321101110112310000
201102002332111010101010200122131120102111000010212300201110
203312211102211220220121221321121010022212100210003031101100
100012222201010002010120020111010060020110011000120101103200
030101211100230212120002211121011122200220110100110103011101
0100201121103000212
1401121310301102452111000000231100111220120001213220010003100
312100201011111340110120111201212022112200241210010241100201
110001112022112101101010122021002000110010102101103103112011
011211110021201111201021123000000212111101200021011010121000
220140122030001001013020112112101011122001210111111000011210
100102410002230301131100120002011210100210001121111002100002
001010011142300010111142100011011112021112322100001032131001
000102702011302222301131100323123111010410012011021210000001
1141011002040100101
0210112111310114311122021210010030101112112203031300021220021
000201311000102022000000201011001100202020100112111222100211
223202111000102120032001200110133100132102002013110100441011
110033012102104101100110311100210111110101120011210111120210
311110100121040030033100111121021010020111101034102321211010
102010011211114001010220101030002010010130000020021001000002
011013023113012011100012000103210111411111033024010230011020
032021110130131012120110210100201321200211030210011011000230
1200202011021023401
1010201020331112113011200101201032220011001200220001011503022
000000121002210011010010300020001102010101102113130011102112
310101200001102021230110002320130202121310021211001312300102
011122111101310010004001201201111302032101100011101100123120
101130010111211122311122210001301213114011102220302110200110
000202111101211111020100001312110102110000010100101100112020
131020121211020101023112220213130211110110230200130022121012
100120112201012301031502041120121001110102120003010011110010
1021221212110200301
1201212102021001101001320012020111010211411012130000022211101
001230001210200100101120232113210220010010311120210120110221
041021000101102321011211020001222111211111120211101112121010
121302101010110101110021021201202111020210230300200000100100
010103122202220020010111101220013142010201011012000000103301
332120000111201201010211101102112020021102011221100111104020
012101210120110011220210103111110211020101214211010010120101
021204210510021001521240311101031132111200001220100003022201
2101121032121000100
2200100101111121000043000112011211154020102003112021101100303
201110410310032111113011410000010200002121111112300010111132
102010120100012102001112112210111000210101001101200301200112
100141042001216011200221052102112310141111004001010111020310
011101100032100121220101000002002010100021211231300004201310
101020321210020111031121111300100110110001011000101320112101
011000111214010000122220100111202001101011122422220011211111
300400011001410000111221102102140120213000300210021322100120
0121002230020011102
0112211100222210110100111010011300001102112021120100020112012
111111120114122211212100120113111020103100210010110100001100
000232012102202110120001010400031302112020111320112120000415
110010111220133012120031020001121110211401101301211002230001
420200110110310100010211000120011121130031111101011202011110
011010100411100121221102111021020111303210100011020230311011
212020213112201001122111000011103020111300021141033000112300
200100211020111112033100220021020310102111000012120021301202
3204121002110101001
2101000210101222100001120111120010120100212102101122110222002
011100001100012012122001132111011101013011221111111002112032
113012011113204002110200120021201021002110120002200013110111
131020220011000100100300124110210113124011202000001000010001
130002402101120031003200120220221240002000100120112103043110
102120021331010050021100100112000300000111001200100010011210
010121111213011102311021322201213020101002111020220320203001
312122011110010022122110021001301000301101002103232440204020
2004230112200101112
0310112003101100020023100300032000330112011221000201313120111
310011200010212310222312301000221210010121112212020024001203
011214111021000201122021050102011023110210300001100411021313
121101311000001130001010001101002101311020010341043410130001
020001003012000212111210232110111311100001100130131101032300
101101021022101002101022213001120110200011201000120003001020
201110403202102200101220600201020021111002200110113110101410
031024211100330101100123020121000101011010030110100200000120
1011010101100111143
1112010020032110130011001122012001110030201001000210013013110
101201121010102210121111011160100201432010000110110001101142
300001020112201100012011000122200203121000000100010111104001
003101011020201221111110002210110001212001010022101021111002
010202311301112100362212101201233203020110201232012011041210
001003012021111022002111000206121023022201110100103201010120
110121002020100000201122201300111102121102012013020001311102
111111301120211220230012001003120011211011121101413002220220
0311232022210111031
0030211301311020031121303121100400011011110102011101122121034
202002103000152113112211020211003010001000311140213121230000
042210213010120201222322102330021001102211011111310100012111
203004010410121012020001230020120201111220032001101022111101
112110312101112102011201220101112001201001001001210000110201
124010021111020300011000020002011000020210112111011020110110
100231111101210010111221200200311203002030101111102011300310
321012201211020302210101002231020110010012111110020010100211
0231000010010113011
1001120111110101210011110302112201111021001010000011121313300
013001100230200501100102210123100111111010001000152013000211
020040302010021210000020112121012131202023110200011012201102
212020430110011100002011101002010011112310134121420101120211
002321100101113011103113001003132032211210003401010101103332
212131020110312211202100101200000211201210111213211000211011
020113010110112011100100012211010002010011111110010511001301
221103112100100141100100121131101201101150100223301011112100
0100003201123010101
0000123210121201010121011111113323002220200013202100001101022
110200101012510303041103011010201021002200122012000011210201
331002124011022011210121100210100020020211013221000013003111
010301020111340311210112110121010232110013002020002012012312
010150111102111100000033001101002100101121211111002000201213
210112201001100100021210003100012110111001001001002103020112
023010001122001110001010320121031122000111200131230001110121
021101110001210200221010301110111120012211002130101441212010
0111001011253122361
5120201200211021200000102213322301021110421101001020203211011
211113011011022021010001002110001011011000001221210100100041
000002012010111432101111202020111212220321120200112021012020
201330024222100001220010311202220200112020112105102221000110
010221012201402212021120140212141000221310021001010101401213
001011101112201011100100113030020111100201013210301111010011
112200213001000001001111020111011001111221200001130010000220
011101011121411302111133020130010021110310103101001010411210
1221121022000001300
0100000400020200133231301111123120122100003312100001321020001
101101010002030023020101011301131012110022131130012101201211
222110003420101011021000211110111012012310200001224000211220
021101022100311211101111201011200210220012111002110110010100
100000320211022111111004011021112212222141012131131131110111
031021100121220120000330452112021001001000100200121001421201
020023110100020321110222021101101013010202101011000010121011
212122110111102020200311000101000000001301000213210401220140
1010100132121000120
3020311001212110102113100400111110100221152001102111111410012
021110000101002100002021201021110113112012111021011102301102
011000010000012462100021011201110222011101112010112000220100
112110020211011111201121210000010111101202101201121001210101
112133031110013012111030211202111001000021100022011412100011
002001112200201002000210211001201211302011031202111002131230
033010232201310101010012200120020011011121311212121022120002
102010002300024400111001102011151111111111102110212202130110
1021110300420013302
2210103002122202141112000201000210200101110101111111220002300
011130523102110010100110111000221122112212210023200212002111
121120333000310120120030030221140012200111011032000000012010
111423120213211010212102010111000110022010300212011401113100
122211212104013220010111111213100000110010101122001001120022
000102410012113311000122211120100300300100022100021101102020
000020021222110012001210111201220100221101130200101100100100
005011121400113131211010020111132004001011100111340110211110
0101000122012011012
0310121220010111000021000013212010141001021410002111101000131
102303220012121111001021101110301003002111321311002210020010
012120200200110000111223042251011140011220212401013000221101
132211310201130210113012120020021222410111001400012111101010
000200211121012211022324011000010000021110001012010011002013
112102120300201000121201001031111022000102311012111110002001
130111022220410111000320121201110010102022010000011112200110
104010112212101010110101100011112120200011313000114111210311
2421020210212000211
0100001011230020011202100100101101121210204012121100131002012
201003310221100010111001220313202102200321011113121010021100
210224123022102002300131100001002411022031022121010111002020
211020101031410022201200110132201001111113211311101111202110
100011100022221012212111101210111111100011011013121420111020
500221220011201010501211102000100110221032000131201011011021
011110020123100100023101012212100220121120120210120021130210
111220000102011112010120221001101111002400010210112020010000
1101011231112010311
0011103002311012212021102211123120112020102211202041011010221
010100202113000001321201030130020031021101302110121000013010
101111000011110321011123112241100102011312000011110210141202
000200120012030023303000100230002210101301202321131112011000
021044210112111002101111111000020402211001010011010030100010
100002201213212002302011112121221211111110031302214010011011
101011000201111400020203001203311001200101000011001101011211
400001011020121201132001210110001004302010111130431002102101
0011111013023021040
1000110200110111101120011000110200201102110102120001144011121
012000101210002210011010152011100010200320000201212222010101
010020101120011010511010100110012301211012011202301002121222
231011120241011222032012110112021201141112310212210111020100
002103001122011003030112121212031221200020113202001322311022
000120101100211020032101211000021011010110112001120302100120
100003111000211110122012312002114011011311022101100122212100
122100210123000030000241102013001211111131223022010002121112
1200111011300120110
3120122341240001010102000111010321100220011000200203311311101
012101001221041121100000123020110120102011003020000101021011
111010011000301100130202111100030102210420120000215120312111
120020111210110200232101222001122231111202010111220010120101
001210221010110210100011521113200021112011110013011020020300
105204300014211010012120021211213011100111022100101302123211
200031202212122101030300001031201200210310200111002203112012
101101022023111011010110031000100201011201101110100300211213
1120120000300100201
0410011011011023103211010101000321101003040110201101111102000
202011010112122120113211021001221101000211011131020011112331
311211020100200420101002001100111000220103212410010011000201
210013300000110100112101131010211120012101110102131133101003
001000102111101201101410010003111101210121211210301012120032
120211114111111223311112211111020302210210012211100002100101
121100320023310203220130201111101011100130000111013110210110
010211102101203212230000200000311100102011012110033211111300
0203210121012211202
0000021220010000020010000122002301013010301231000000101221010
200141031003011131113101001103211211113202100132121012101110
121410110111220100011122101013212242001100010110203020010100
001201220121021210300000212201300211013003101010042210001212
111100012031112111233002101120103102330011022000013013113200
111110020231000310121212301001121110021311301031302012100010
011220102000211111110000321012030220102011022112102030322011
113010002121110110021210022010121000110110120111113010200100
0013221113111020221
1011000024000100131411021001110101001121111112011202121221000
201300011200110112210221200203211111200220121210103012020201
200012000211020033120210100021122015010131211120301000121111
112110102202103111020001220020220210131003014111101010202100
310110141310010010222300012220301000101111100200311121001101
030131110001112000000211011300110100121012011000110131050032
211011100010203002101111010230000202201120003130023020010111
402401021011112201022122020022410131100003120003112231000043
0010101420101113210
1100001101220030002110010030121110001112003101021102100000112
000300111202211220122210001122111212101110113200112100112100
113122202200221301110112221021301012110100101030010011000100
111313011222212101001111021011213031010017010012022202001011
211113100241000011000011100112001010132012011022001011200100
111301210011142113202004142110010200001013110110113001111400
013110022110004102110001400010300110201331003112011230010101
101201211060211121022131102122031032130001120112023011201202
0111202133000000210
1111201022400000310101211120012212101300122000211231011411210
110020100121202311102011100203102130100110040000113201122100
010112204020210102111020010001211010112101100010200012202011
013401001020110000100012322120111500223200122020414110020323
110121223411003200101013100002122010101221001002002200210210
102200032121011201001010011300111101131000510302111000100200
310223300110122011022121002302011010011211102221300001011002
110003200111000032100202420113123101011121101101120213020110
1101111010112101021
1102311021211011231211021201303111121101100300111011000121020
302110011100011111212121001110131102123120012100010003001110
100131101111003211111122100030120000022010000000210101010102
200311121002101104021022002112021000122010100103010121201110
114212201022100312102200222210000120121010112000111002202040
004000300110101311000123001140110113202011211101220011120110
211002000011121021100101331022341112021131221222121012002012
200122301220012220242222221010000001002111311100212103001110
0111012111210020201
3021200301032110132101201012102002010020101120122213303000311
211001200121011022200020110101030020020011021211302220232000
000103101111131110130131011411104021020010020422111011122200
100022201011111201110211030020010300001011120101201101220101
011001101011010001102001330000003101301201202201100000011120
330200220000020110202131200012020142103313212212111102001002
200221021010112032220003111221103100113121110110130212221001
201102103211002112210011020001113020131100221102110112011021
1001130004001111022
0302120001120312120221210111221221112210100021012021111102010
022121111120201121112100111010204110113110021230112210003111
130011101001010111101011400121312001410011101011111020101303
123002230130111202011020110130100021020002012200000011212010
222101003110300302001002132010101010030101100220131120001312
031103000200200201011101010001331001030330133020001101100012
033003101023011021221020032000022112010020021003130100101200
211100100100122030131310101332201111030221222020122112000001
1110220301100000322
0311212133001100110000102311131202134023013200100010112012010
210110003022102011110301011122102000000110111202201101201412
101201000202020100111010101002120100031221111211101111000102
332201122112120001122020211101110200213420100100221123112111
011202311020000103111022001042021110201210112300010301031102
111101001301411000311011001111100212001002110010031300001011
011111101012100112110000221121301110211000213020210032103011
012301130120120210112311001102103010200132312121200221111022
0012010031120112002
1022104031020111030000100122012400011011013202000110112211121
211200022130110210101112122130100121100211001211111011000011
211100212001111022220101123101032330200121012101110010010110
201201150121132130031211131020301020101110020032001111101200
014001231112212212212221120000111212230100010201101010301321
221201212201200010322211100220011001000411130101015010210010
001122102103000100232101022102001020020112121200110232111001
100401230101210001101001003011101111300110120120110001012110
0022111110203101102
2113100200010120000021301110330001211011103001120012011320010
301000110101100001112141000171012213031111100001303000112102
332140253032111200101110131103011012022221400020032100110201
001001200011111011411110020312101012102312111132200022021121
041201023221101100020104110010001010132011121100100003101000
200011100022023100112101250312200202022120032110320001000210
100001113100102111011111001110110311031001320122311002110001
220130102113100012020020222100102002101002111011013102001021
1010113231040101100
0011112210100110011100110032001110111261020122221141111200000
101100122000331000120010101101100335210020121201121310120100
001001211204122021220010300101112311100001122321005212210111
112110130112102000002101100010100212000002212111141221213231
000011001101112130233120020120002010112012011201212200102000
010001010102210211001011120010041210200010211120020130311111
101101001321302112301101121201020200221201114110000012011212
321110021232512012101003131000020111213011110110100210001031
0101020210110010223
2110001000200002113001011211210110120100021201101234102320102
012100011242102112201101011310011000100121120101012010000301
202013701110001111011101111101000301010100001111201210110061
022021130311022111210000310001312011001121022012102200021211
220002130220012201010020120212011023202200101010025011101413
204102102113101300200021102100031111110011100000001113110212
100012000310000022102002012301110011120020111111210110200011
001020130122162232202001221021132221002100020302101322210010
1111131221230102022
0020201000101430022200211020102101212001212102111011010101000
122110002000120141212200000211100300011010301100222111000101
210120002121130000001001211012130100040310010110104000220011
001203001311222101210011201112110120201000122124122112113010
212210212000220000121110211230100100131033304201122210110100
020001021101110103001000000101102003112400320101012022221132
000100011114010013210014331112110042111004120022402010001120
142111202003020112021101112001102111121031201211102110211012
0222012220230000211
1010001220102222001121130120202112010110010000300201013101010
200002300110111111001502004011310011102312213011100101310111
411120020200122213110312000010210200002101212000110101121211
001012111100001102031001012000002230320011100122211140010011
201110122202422000300012112411222110121110012101131012010302
100101112112143010221121322000001130302021102210120122022011
202312200001011111010001231121012103200221010032221000204111
201102120001131000020112112113200001103122202101003001000022
2302012000020101000
0100001103001020302200001000100201122233003000211201011311011
001010021000111320210210100012020211221110211211221121201100
110120102003311110300023033221002411012106000031101201203210
011011230220100110610114011210320200131000201010122001122102
101100311001200012013221021011110300001012221231220002002202
100011100130001110112100231310022211101110001201101112101331
011131220111021211001103001111002022211200131300110211401112
010120111121122112010000101200001011220100011120021201011112
1100021203134011110
0122010021020111010011000132122202001221011112011102020232005
121201133101003001111520001210200111001213131101201020111211
011002300531111100202110110201301111030010201112000332100130
101010312202101132110020111010110010230100120021031120000211
210112220301011100102120020113100003111000201100132002132021
130021010120012220121221012210020140121100003102002311001120
004111211011020100021012101213001113020121120200012111131100
011102110131103110211211101111021220020111212100110100020211
0001200112131030101
3110101310012301200010430022012205110131112112130121400111211
003030113200110012101101023020400111210002213011011200012241
003201012002100120001113201101223100110110110121121203300000
110013002111312022111131111100320010111011021012110002003000
002110012100000012131101113203412014010031213102110021111100
100112113210100003030210003202111203000001111020120122202220
201010312110150110101100201102101141011022101000020100011200
100012010131100121121030121212210011110030011121200001010011
0142210112101121000
2111020201101100121012110010110110111002021131102001122011020
120103000013130100400012000102203011132011301121111101101011
112131004000111122210112121000212121211021003011023202200210
201223120111400202022301010110201013300201101010111103100011
311110012100010412110001300011210100000111102011110052211021
003111220001031101210001211112120000011010031001201101321030
123103311113221111122022301120011611310120010101113001200113
022002111040100000011301441020100000012003201002210123200021
0013102113000020103
0011213100222202131011102100001001100201111011010031102011110
221001031001110114100000101000022000103102112131213213032002
122122100110112500012010103012221200111001000030111100010210
210202001101001011102122001201011112210210011113012204120200
130110121100011113200311020122011332230201101112011211031034
000011010002001032011220201110204000000100301131120011200013
201221101221220202022010110132031011100110222110100112120100
121220030210010103000114000311110111212120401200132231312015
1102220010011102100
1012112101020112003021010244010001112210010220011201213010034
001211111112231100111100001212322012102001102220101200013031
201310010010101030310210100100000110221112012231221012000212
014120102010022212010110112000101130122020000220100011000120
012110003113010220101112011020011210011000101301110120002002
101112041330022200002102113101030111121020301331000323003022
120222120110031201112200111211010011221021131020023200231000
212200011211101113221100021002001000001101201321211012110211
0102110132120101130
1100101134011012213111113000123101111210230100021001120221001
110050011111101212340412123121100103011004200210000120102002
001200030210030100101220100110104210022010100213212021031101
031040011000130021023001311200202022111101021102111211101202
003312111221103104003301210102102110101010012000011020013201
001031231110101001100000000111102200013132210100211210201010
020201021010134110100100001102221102442301110200221100110113
210000100030202021011311101100021100010000310134201102113001
2121201102103231001
2000020012200001020020211201001001112100022210023010101101420
211113042200301012022421021120102000111211210012231111301001
000202111200102131011101011122120112112121111211100031000201
111010010041021022120002210112201013311121201110042220102210
203110431202131211110000004201001212100110021111202010100111
203110222210002110101211003101112001111010013010012201012010
105100020001020111211100013220011010010222210202002031101121
310501412232110210100121011110100120002100021400021101010211
0110011001111312221
1001412000010213121210210010121200311231010110111001010100221
111101222011121011100010021200010110010020101001010331030210
200011422201222001210010221311004010112100130000121111431102
121002012100120210200313110000100041023110012120211022100222
101011230010202111010001210003020111200021010013101021103003
201101220320011463221120302013012013401103301111112022013301
003121042100010200003010101011021010111020013100210100323011
311121011302200023222202201111001002202100100111110001103013
0001310010002021001
0211101022000022103120011131012120211012010010310002110103011
001001002002011114112112011000111232010012300000100133010230
211021212201210011000122011010101112010311111010130112123211
114001110000122210001000100110000011111121120001101001006042
011022101001002001021122130211121212220010013211524321200112
222102051033200000100122001110210121210111001000012010220210
103201014120010220013040110211312221102000201011000211000021
121201212304111000121112201003022101002300021212101011121101
2320002122110131001
2002101110021011000001320220110000311101221120010100132111010
322011120311111100040022111210012011001010110030110223102000
202110201000102001112111101100200000131211003211111011110011
003212012222101212022301001011111110113110011120010200201031
000001100220210130103211023323122101213120321000221210101002
312011011014301201110120021112201011011131030120021002012130
013010023001101000310210101211111231020112001000100321030001
201124130041010200140013410210010120123121111220011101112021
0000101114212211112
1131100120021002130300031010110342151220110001210002113130110
210215000001000022114120212210311001023041001021100202112511
011102100100101011112023330010211100111002100032110011301120
122101041002201210110001010301211201120000120011223211132200
210100000110312000313002002111031001000011020211023230201000
210201000242411010211200010000012111002100001101101120010202
210221030101311041211000110102111111111211022010000113110140
010010030210104020131131231000210220201110020221210111221111
2121111300011000023
0212120022213014000110510013001111102113032101110002011100232
304111010230000111121140001120110220011100010013210010001011
311012012001011043000110420000130111231131010101003011010100
220001131002001301302011220103012310122011111211111120120100
221100021202000200330143002201012121002203121020000011100110
000020152201002011111122102141211010203011000211102002011002
020112141200212100041121010210002014110001102101111020013141
102221230032211002112000021111001010020220203210002100110201
3012102310110131000
1111113210000100212101012111020011100001120210110310020210224
001101020100162010110201210112122221000200210121031021100335
201120100112100201110014010002110132110011200210100012112013
011131030030001200201200111000112003213011202211002241040221
100101121021110122011311032003010011110011201020410041111021
001011011002102121210021111013222121111131023112201013002000
101030221000110300110011100101010021331120101102203220100001
131012102220113111012313002020031002202010210201111110010001
0311221300211110201
3031000110100012102112010021312002110000031002021001001010210
302111110211102301031023120120111311210030001201121210120123
102112330322024321020010120231001310001200020022010120010120
110110120201110100221101003120121301001000100101002123232124
010010101102301021101111202001100210111000131042220101120001
010111011132103120142012102001210111400222020322100014010202
112211201010121120011111020111001020003110002111120120110100
012121131010331101110001202121100021222112002120001001530020
1010121201211000321
0000100200113110110120020001110110001212020200110111014312300
021010112201001200002010301111200200121111101111110210101201
310021211021012122103011011200000113001321303000221001200110
201013213301311310010010022211111221210000111001300110000050
202010200130230530111210112100111000101020011010100011132200
001031111122221111212024101001203210112130111001003013020140
301121111112213101041330014031202200213130010002401120100320
122201100112121200010411121011111101100120100111231021120000
0210213011031011003
4010110312230201103110103000122003102300130111101020111222201
110200030111042000012000113230320210241101114220233211011123
020011100011001131011200101023001123110210100101421111001300
110131001112121022010101100110110012330000111100112000023002
011012111103000001021011121103020001401121401103110203030021
000120031100030231121001021101120010110111011001103102000330
020222220300221100012301000020121112111000120210210010201201
201011212001013230131214201020001203212110120010010001230001
2221021010102011211
1112010200001002101001001413022122001102110001112001111113100
220023021000002201302012131000020010003101303112201110000021
031101123011113010013011022310010131120020311131120223110122
003022012120111211200012103011210101122010110402010311010001
012211111211110310101330023010130020120410311010121010030112
020012012010220202001011000002101012122122322231221110012121
002111211001102112101100021010000102142313130011211130201000
300000120021011130112213030001211110000102310002101110111311
1121011110032011010
0041100230011322210012101200000002211310112110003100314211102
111001002012020011141001222012004020131223011313023120011101
202111110001101211000501101205131200210130210021101101010211
301000301122012100211122301110101112001101211031110011222013
130111100012000000102212413030013111111020103111010001000210
131111011001110120211031101202201001001230000021002010211121
000232101312010010111211043100202030011301102210120101010001
101001102021410220521302201002202112101210003211202010002200
0010033000020001012
2300110100010202000030222110011110011142000321130200100400130
012201133201210112121110131000111102041121310400212111111411
030110112100220100000100212221011022110121110001022001123101
020100100023100120100011110001201000100000223111112000011003
110212201021210212200102220100111301211002111021113001020021
102011300312101000101211011001200330412222110140000120312102
211103110014000201102110100101301121321101120111112101220011
122111131011001021212122130111402021101041112010020102012302
2001211110200101012
1103002000111000111120000102042132010001210020501211010000212
114210110211010212102002122100110011120011111201320111222222
422212001100313212201021720100010010110000012112000001121001
022010321011020221201102022111121221001021000200320101100001
311010030000221510101011100030431320011201021220440221101012
121110411001010140211210131100100211111113013102420010110301
000110030013222220000110310102200122011110201000110010100101
121102201022110201114111021020111001001311002230051200111200
0011021200025100000
0111002002120310202020310101332203013001100110200022010121101
120000002110121110212212010201002110001111140120100000101110
220022001113021011021120001104113302122221012031112021100110
220011200410201001011420010210001211310100301220120421111021
210031123002100000210110100022221011211210151120020011132011
101122200332312002213020000000120023011003021113110100001110
101112000330011301200224221003010030301022122001122200032102
111110102210021200120111102420021000002000220012221100012021
0110100000120113211
1021100203200102000101320233121001221211202110021100102003201
011210133121000002101230012122112213112011000221103112200100
203100203221122125120011210323111023002221111030010121111201
010111100302021101331011102210110120221102100200121200000002
321120001001010100010010000112101102113100103120001002111210
000311110050102100120311112011010200203001201000110001102111
010112011210113010000100201112310010131020010213011130014001
211014300101013022100010212301123211111111111000200111222012
1100212211010213212
2121030120120211000013101323010001110020001010122111022210010
121011111121111110120102101211020010201201101111200241001001
002021010013102120111002120241212141101000021113201121111111
110011004112211011121011000311121112001121121124111012120110
120102112100311231022120010203020300201100100121012020121030
210000001300201203100013101510020002402111010000011111210001
020000111400110002111102201310331131001122001011204220201102
240220211100312000100031210131122140210330010001110021100010
1403001110112031102
3112003210020000133121002213111123010022021111122442114001010
202140010111002000223202111002211101223211311002010210100022
101301211010010001102010003110222121121000010012021040110202
121102111021102210310000301102000122213101112004020100230011
101100221130110014200020221300113210000032000001121200000312
122011121110200112200000230100300032221210110011110301110011
200112001123101420102012023000112200010001001301000012411100
022000112011111101100201021020000142010212110011201221123114
1001100000063011100
2011112220120012001001021200002111021120201002112020501120100
111111100100211102112110111221011200121011020101100121202102
011221022101201114000111122101133110000010001301100202001001
002211200211313011211002200211030100200110002002020301100101
100210110020421001312222111002011000010122033110003020014205
220110312111120122010110023002021100011011141010201320012000
131110021110022221321400111111203221101211121011101110100220
010201011110000401200111002120131203020121111100141020122001
0520302201412202310
1322111110010011101011031101323011000011400120002110310211322
122011032221314005001012033010101102011010022000101011110012
201111001002121100200001010100202021001132100002210322100111
000102010011101340322130220001301112010023031021112011101200
331010101200111020011031021420010002010010222243101201200002
010110002110011012202002113201010001122221011010203021510113
120012111211102030220310221110100110010010100011241102030122
011202000013101221204101110011112031201013001001311012105100
1000111133210211110
0010210211110110003113020112001613113201010004312011001021011
412000200000001111320100002111101212001000101101210321000220
230113100101110202030100111210110223202101000110002013110120
211021102200100120101011031042330201002120001024211122131101
210110220000111110111300212010311100202112101311101301011201
110101011120122020212100100002200221011003011223121111121023
113051120100011100021112030110001012130120020020003213001211
242120010000001170020020311000221221011112003210010010221012
2122201220301102100
1100201101111111001031020111001131122000241200100222000222210
110412001112103302130000101310020100020210113300003131131012
012302220103322023100122211010021012102010002210121100013120
015000102201112000000100201110031001321220002211002210000113
120103411013031222121004110013110003010000211011111001121003
012010132011001111121403110022001311001011220003022100021441
101101201010010100300111100002012021012002020221211111103201
022211110110120010111101210032200020210201221000132100210103
0020210342100011010
1031002230111011032142102121021121100041000221114132201031231
101214111201001100020402010100000045111021102111201100311000
031010101002412111121220021221122020001021112001100203202100
111001012210101032420110011311010010121200131211000100321101
212010101021002021000120002010021111000102001010001111011110
111000101011007101022200130002111034124001111112010002001241
121121210302001102201210011121200352011221000120022301012012
000010121130020401140032201001002121200000001011223002100131
1110102002200002102
1322112331110000033110211013010200110121101221001100101000000
021000015011002101311201042011430120203210222101111100121001
231100051112101211101020001212100001210100140110031102030013
210212021211120010102110110002001202300011003011021310101110
220001210121010101130102201401110210000101210010132310110013
211121012212214021000112112010110221101211202001010101021120
201120332121112021001120132100111001302201000231102320310110
112000012113221000111102011322130002001000000101102111204100
1010321202300011302
1210002431121170204111000313010012131031121401113100211523110
331010001004100105101011012212021112200012100110120103210111
200012202002221111130000200120112111130111210212112211001202
002020001110013011112210043020112021001201020102030010021501
111100112100000102313011221203131021002301211100011110100041
010050012012111000034210112000001002030300012011122101002010
301002002311120001014311001200210001101210331121110111010301
200120110010001001100010210111002011220111322001101121010000
1020121022210000200
1221101122102021111011111010032003030031100210200111200011001
322211011111023310011000020020110202210100112020100011110010
211212001310000102011002101302122010031102010013112101110014
001111101100001201100120101112010000012211231011121133110010
014013130010230110322211021010121301100401120241011111111200
111000111101300131320103020101201002220011310011120011030100
010202100011121011200150332030221220511210002132023000000120
201110211011102012012401211211211021000022003102010400011112
1113024011112211103
0020022211102131011001101303021112001201011000002022110112101
220000012212002011200123133000100001313322100321010120002122
114001000011001100121201010210201110221101023411000001020103
200310212111120331110100111111110202000000101131131101100110
020103120002112211010311111100210000010202213103102210120010
001000220113120112110111402022201020122220310211023012003301
010011001121221300322011211211112011010210122010300200001112
103032111000101211101301230220222102002110112310200021132102
1120030202100120102
0002221012111000001012012011220200201210002121204002200221101
020002021011162020320101115013102011001201003002031002220012
121103213101100130020021000014112100131000100000001210220002
100101001121001211112002220230012122021001111100003010021011
010210001202033330212211100202210310100010001000220102201102
122011001220011100031201200110210023121000211131220531111120
000111102011012111021200111300122213001111102120110305020010
121010321201212121410030033011301002100011111200231020111020
1140311100020322003
1101001031010000011221211322011021230242310013011001111103230
011031100011220020020043101210011202010314002400012011103000
001101111110122131311110100010211112100021220110230211012100
211044101201231212111012100230300102111211111101000110110001
311100110210201212102010200131032020011201110200001003103011
131001001131230021103100320003001011120000110131112211010311
121101202000014110012323102021110121020101300041221120101320
021110112031221112002001201111100011120000000000010112103020
1211310002101211121
0340010111011011201000311111000101112001121000022201100111010
100024210011011021103003201211021000101101010020110101131101
012321121221142222022101132010201100020111201210000003021010
230011222112100131112003010210000231023330220000211000202111
122121310113121312110210230030002001020221010012000020103002
201300110301001031200100230000000101213000231101110121111111
320100011210000012001112300002102122222100400030200000122011
011200111201122111220300042214101311101213312101111111201121
1201033102121121001
0013000111111302120110011102121000111122311110000230000001222
002201110012030021021221224100210222210031121001000111000211
221102311122010011111112220012110100300110011201102111120043
011312102011000120301000110000000113110002310311212303012301
011110220230101222010121212010321021201010100121013111031002
203001101100022100102101221111231010211211321110110121010001
002210101111301000110232020220112201011010010201102330101011
101011032210200110100300312100224112000011100103330133221200
2111102000211012102
1020120220202131122300312041022412121001001112000002002011100
010011211101101010210011121200010521200101111110110021100030
120010001001212020113111010122001100001020302011413000011100
011213000010030211011011111000210022002110101110200200110101
100002111011030220020000022000113320110103022411012232102513
210101112010000112122030121301011000131010102021331112132301
020310014022001110112201410221100201132032101001201011112110
222212103211001221110121100121110101121110333110222010110211
0020220113122002011
1010022001111202002202121420213013100110000300140100321230131
001021002322322012210110001111102103110101120101010011311120
310401111211212130022111021300000110101120000123011110231200
021300323010000101012110141101101002001120100002101000332031
211010132120202011001052011021110412110325111211011110001100
110111001000001110010111052000010221002000114011001012221001
112021230021112100020100002001120010000111101140402001021210
210131212423002002123002320120101003012213211011101200232100
1001110211112021000
1001110103113000201000000301220102100011223001201200012010020
120112300211002101122010011023011100120104041001324102111312
123202022010111025000003111010112121101001012102321202040011
012000101020131030121120010010012103223030202130001120210132
021101012111110012130021013011002010022102010000112023302001
001412121111102222000011021200001000020101031031014212421100
220024102112111111121210001121040121230110110211101020010100
311100120102110103011211110001020112112401101102011013220020
0111101123000210021
1100220221110011111200400020222020111013211002002000111121203
101011121210211111100101052012112100323211100111003121121102
101014515122001012221122201310122200001013101011111103001014
022000002332230102201211010223001220001111000004112000100201
041111010021110211010101211000231103000123002100001121111012
001001101021111010031212001011110110103112020010020001141202
121401110141042200131020000010013300111010010121002012110023
100000000101001312011221201342010400310000033101111000301221
0332001110001210002
1310111101011100303023101213110310011130201111020121000021000
033111010030112120112310300320210321020130010105000220020203
101010111002110112000110210210001102100202212112110021211200
220131023025021100001021010151311110020110213031101202103200
100111211100011111232003220000011010301002002003210111010111
201100102211103201304100112111011001012112221001201010010102
101004222010031012003100111120100003002021022231051212011102
101111012003302120030014221320000111111101031001101022013001
1002020100121210111
1301101213331111030130001011010111011112001120200121312102022
130201020101210101110111010022310002113022101320020000111110
020020411031201011000212110120201010220122113220201003111103
111112030111212121100300312422210110211133120310100001130011
010001201102230201211200310021101200200111151203002410102011
231031100310111120220200100032212100120021120100011210020211
103200000102012210001110120100110010011023111221101120100010
011310101201111313113121010220000012000204001021110010321120
1210002011310000003
3020110420101111100220031101101210201122002011200322311112213
110210101210011112101120111122011213012102112120031011320021
211112042100011021220301100210001420021021111220011100121101
210002001200101110210120102100010130120003203101002121121221
302013020114100022011110131010111111022001013201120310201100
220043011032111101300000101101004100012110000100222000301110
200130120122110303320011112010001101003001021201020001031123
111120021002010110412011012103011121102010221130002022111001
1101203110001012210
0100121001000112100130000022041102111011010200300422023110133
010131100110230122203210120210410121201200110210000110201210
100000020010211001020200210000042311000143122001001012030001
120003211212322000010000200001121012001021100142111110201125
202104211211000023410310001121310000320131030000311200031021
101000121110131211001011300113421102102010000011110005101212
122001012120011101200101001111011220203123011220012130001111
230000001113311000112122201200000112120202312012002301200112
1112110011122241040
2120011121040013111241021022211220211213100101000321012102000
100203211011411011100211211220123310013002022000021100011311
103221110102121130021221110000010102100211012000122000410111
001110112200121020201001110611001112010010004012112150031200
000100101112200211012153130102220023101131121103111021100201
103000110022102011001122100112202110112111110114022010222100
101010201200210110302111011100211121011222021002301110012100
000022002100100122120000001010010430120011001220200025120102
1112110501100011022
1000010103010111100121000101211121311023202221111101102000000
002111202102010112233412004001332010011221020211111100211210
320021120020120001001210000201201020110021110103012200010311
101040110011100000033000220031101012202331202130121101010101
201021121012002411121021001220001510210310200211132021011113
110001411002110113001110113050002110010100110001111122232021
211032010001020021120110110201032100122102120100111121421012
011011010110200112101002000011213100100102213111312001012410
4322111110141000131
1100132103002100111201210410000131013000110310200110433201210
012112101113010321311111111110220111210302101013302201001011
221001031211202121112232121211020021100221122010110110011301
000011211121143012010110001024120131111100230303230110101130
100001210001201023000201231101200001101201112112020100320000
220011212101112100121010002002124110110121120100101021203110
203313111010110100011002101111101013011100100202220121100000
010011010211300101220003110122100010241111010124010010011111
0240110111103012311
1100133001221121330213010221312220140210103101301101120000001
312011022121202531020000002010210412103100020221111100201111
131210311020120100014202013010310151020200204001011002022010
100112101030110100110101012313111010320010421213010110010110
211001101112210000111040011201202111201011120141212111033301
102120000100200000011210213102130102020121001100011001120210
010000100106020001211100121004130122120013220201301111221011
010011001100012030121300032010100030120011201301020000020003
2020220112002301310
0121102111001202112110000201000210100010011111201011101001221
221112002120010101001122221122003011311120000220010211123001
212223210101001102010010121303111104100144002121210001101111
001111011100101302101122110002011000021103100002100430100111
011211213032022120143012001022102020213123101021210212211110
102210110101300010011100122110100010102110311220311111010021
221340110010203330121110101103013310002020201101101021000200
321112010220012111311102121200001110021032312222111032111111
1112101102011110000
0000000210202201211113020223012200311222130021003001112100001
221001213212002022033200410100001210410003031100100122301011
100100140202022200000102000021140000221211111102002001040001
201101052201201231001100031101201012110010312400111120102122
002020111211010021210020222011102011013010311112100212002100
000113110110100201123302200002011200020101100130120111111001
240130101301211100213312121101120011301011203201223120001011
110005210110030100120321100200001220302111220021300101102001
2210010111011322040
